10109
12556
13519
55520
56287
57730
70059
72282
72540
74449
74482
79939
83434
91402
99361
99719
100091
102765
109927
110067
111010
112849
113790
116474
116631
120432
121377
123247
124354
125283
128930
130414
131552
134458
135561
141457
142596
144503
149377
149635
151076
151941
152040
153697
154754
156473
157845
158646
160166
162204
164422
165155
166421
167178
169052
169862
171334
173009
173966
175491
179906
179964
180857
183427
184880
184981
186646
188337
189290
189521
190003
193345
193368
194073
195070
199557
199761
200868
204054
204204
210122
212857
213862
214523
214563
215619
215832
216526
217541
218652
218690
220369
223646
226632
227173
227407
230791
230798
231205
235610
236248
239006
241950
245244
247138
249090
249100
249302
249473
249777
252772
253904
254873
260489
260693
262161
263287
267443
267746
270128
270479
277142
277503
281499
281652
282065
284555
286279
290616
292418
295984
296176
300866
305550
307217
307887
308891
313526
316982
318864
320589
330157
332723
341613
350329
356198
358049
358365
358750
362829
369214
369294
369759
370328
376998
379772
379959
380082
381594
393159
396874
398923
400123
405465
412557
413504
418434
428765
429412
429491
434901
436624
440927
449431
449502
449683
450920
453613
456678
458402
469297
481354
487908
488134
492190
496763
497514
504100
511289
511533
512006
513137
518113
520238
523638
529119
533315
533426
536159
541675
541811
541953
542144
553327
558292
561457
564682
566659
574035
577607
579269
580034
584621
589455
591845
595482
596247
603196
608361
615520
617045
620758
622770
626543
628073
633893
636918
647226
651676
652062
657255
658311
659434
663347
664867
665521
667148
671471
682941
683367
692918
694459
697220
697865
698322
700046
700238
700880
707510
709020
709201
714993
721140
726062
731493
735154
741635
743732
744247
758361
760070
763864
764038
776919
783778
785536
790375
793662
796046
803536
808862
814678
827581
829373
836107
837173
839175
840397
846153
846763
847961
848722
859657
866033
873805
874540
881590
890206
890580
897342
897837
897987
912788
912797
915886
918766
919172
923264
928589
933759
935157
936973
940558
941713
941962
946003
947301
949673
957229
960890
963572
971914
973476
976871
979565
987052
989533
991220
992985
994282
998398
999024
1018758
1023387
1034085
1037675
1041005
1044292
1048226
1051977
1052122
1057126
1060305
1061550
1072272
1074870
1084112
1095500
1099152
1104816
1107696
1123217
1147673
1157720
1168060
1174452
1177859
1178834
1184402
1193581
1196687
1199226
1200831
1233956
1250634
1253759
1257245
1266557
1271318
1279296
1285881
1287725
1299298
1299335
1303124
1310467
1310775
1313097
1326086
1329149
1343862
1345944
1347537
1360404
1386230
1390267
1397498
1408567
1412727
1424106
1433985
1446831
1456559
1459700
1468106
1471422
1474319
1480690
1485305
1506652
1520197
1529740
1536895
1553504
1567615
1576350
1583789
1585924
1590256
1590379
1590981
1596738
1602632
1616126
1643122
1650666
1655600
1663793
1664297
1668221
1668421
1669203
1670841
1698428
1703546
1710761
1717018
1726016
1732110
1765392
1770706
1774532
1777003
1777565
1780986
1782468
1786878
1797035
1803516
1803709
1803901
1811942
1812239
1817230
1830507
1839380
1841302
1845233
1846954
1864168
1871069
1871650
1873809
1879951
1880278
1884887
1887760
1891945
1898361
1908735
1918060
1918995
1928362
1938283
1946486
1947702
1957420
1958628
1963422
1971304
1974388
1981025
2000451
2002615
2008749
2010671
2017052
2019027
2023862
2029133
2036336
2038234
2040390
2047722
2061769
2076454
2080758
2085937
2101980
2103895
2105382
2108811
2123704
2128377
2132770
2158028
2167914
2169502
2174411
2181011
2234135
2241592
2244339
2251314
2267013
2270253
2273034
2278753
2292458
2313423
2361597
2371388
2374518
2424173
2456909
2460276
2473054
2487191
2488223
2539958
2620443
2660262
2665315
2689855
2715001
2734090
2748264
2791282
2837105
2842129
2842275
2859687
2881970
2891681
2912276
2996459
2997354
3000828
3006593
3013070
3039143
3065806
3070571
3081555
3089115
3122641
3139266
3234464
3264805
3273541
3275409
3285351
3316842
3332936
3349728
3430273
3447363
3460047
3471703
3489868
3501697
3541441
3543219
3626475
3644547
3656240
3679314
3714218
3794684
3804116
3871978
3895847
3916331
3922173
3932260
3942187
3976156
3979721
4020457
4045128
4094401
4115525
4125776
4158642
4186786
4190996
4191927
4192768
4217032
4218933
4219194
4225700
4232282
4234939
4236336
4245095
4257817
4284013
4302478
4318253
4364121
4386236
4390408
4449165
4449600
4480217
4486678
4500994
4524796
4545425
4552000
4586404
4586988
4665618
4666989
4668582
4683194
4706930
4727649
4731566
4744205
4751069
4780130
4785039
4801106
4822612
4831539
4855709
4869516
4869657
4876299
4879498
4897287
4924197
4952765
4953315
4955272
4956616
4957691
4967525
4976170
5006589
5026733
5038650
5051553
5097836
5098465
5117594
5118127
5147922
5154031
5155022
5176088
5206452
5208291
5211986
5232805
5239468
5247526
5298076
5310094
5312529
5368720
5376097
5433594
5439175
5490008
5499525
5512519
5547126
5550376
5635835
5662685
5672754
5673017
5678682
5730044
5748587
5817047
5841411
5871862
5875660
5887457
5904080
5904109
5974129
5992194
6034351
6078988
6091800
6126674
6143790
6149653
6179338
6199083
6265506
6300721
6320718
6341294
6395545
6404795
6427738
6443105
6452130
6452955
6487910
6515632
6519424
6548190
6664095
6690054
6770675
6789729
6790485
6874828
6892453
6894292
6918236
6919968
6939821
6988264
6993777
6996731
7002072
7005127
7016598
7018102
7032942
7054561
7075386
7079009
7116121
7172363
7174110
7179833
7185094
7203561
7237145
7251782
7272077
7285206
7294616
7349924
7377848
7378963
7411592
7456327
7475586
7481428
7564845
7570320
7573669
7601394
7614092
7647271
7676557
7705437
7710736
7723236
7736998
7746758
7750113
7757896
7791745
7833763
7859839
7880934
7887341
7892386
7896684
7899562
7930156
7933030
7980929
7990996
8013205
8067501
8091369
8102077
8147005
8148420
8164555
8180481
8192994
8220839
8237474
8254106
8263366
8293161
8304817
8341059
8418966
8460565
8469744
8491232
8492247
8582239
8590714
8638730
8651420
8660411
8692100
8693225
8723596
8809366
8817742
8839598
8852851
8856092
8887523
8892132
8932480
8947679
8999272
9004118
9029807
9042808
9072281
9095806
9121065
9138990
9145341
9150564
9160753
9202942
9227963
9229228
9240170
9287687
9288334
9295715
9300613
9386703
9389783
9429331
9431737
9437062
9505007
9545213
9571582
9575803
9594159
9603387
9608518
9623078
9630903
9636620
9653767
9656292
9657564
9657822
9682304
9687828
9700312
9711732
9718024
9722097
9725767
9730906
9741720
9752830
9781747
9811138
9812015
9817480
9819675
9834617
9863360
9864147
9877807
9881383
9889342
9940252
9947368
9962546
9965435
9992497
10026842
10045444
10047384
10065112
10092715
10127117
10130051
10137630
10150016
10162215
10177712
10196027
10197026
10198717
10213857
10229235
10235582
10261137
10284725
10288836
10306484
10312917
10368005
10409569
10411548
10414510
10453051
10473249
10479334
10481669
10489929
10505306
10533089
10541412
10552370
10553228
10565740
10601901
10618346
10642167
10693721
10707888
10721193
10789222
10799976
10807587
10811625
10840347
10890011
10922601
10934310
10961306
10972106
11127666
11202046
11203686
11229408
11251508
11288736
11311830
11317271
11337340
11339685
11346695
11371271
11382238
11384178
11391407
11399086
11402965
11427827
11433410
11447109
11467164
11588490
11607707
11625638
11643821
11656535
11678345
11692294
11696890
11724995
11727430
11737300
11738024
11742241
11745570
11774780
11781261
11818607
11834878
11835467
11904920
11914253
11919147
11930493
11935082
11940628
11958917
11992926
11994992
11998415
12017252
12021474
12029745
12034598
12040597
12063209
12070173
12073525
12096144
12101510
12125351
12174771
12179886
12191990
12245756
12253959
12265786
12272459
12272493
12285628
12300809
12303623
12308746
12313154
12314573
12315125
12315975
12340285
12353314
12379596
12379915
12401756
12415425
12422493
12423506
12437428
12439041
12471410
12491164
12511659
12513976
12520190
12523291
12528191
12528628
12554138
12568393
12594722
12616848
12638079
12655843
12660579
12673427
12758631
12793999
12804868
12812416
12813851
12814734
12819755
12859234
12875452
12887405
12894113
12911379
12930965
12935461
12941126
12947463
12953711
12971541
12984132
12990864
13000379
13029539
13037894
13040891
13043610
13065736
13068939
13079031
13081515
13082017
13096102
13096501
13102433
13103404
13114485
13119845
13124928
13132367
13141872
13155403
13162034
13169075
13178781
13183849
13197083
13199224
13211586
13216306
13219953
13220947
13230816
13239769
13249241
13257950
13260550
13263705
13274917
13281254
13285946
13295439
13297109
13304770
13306642
13308332
13314218
13330855
13333584
13337618
13339527
13344911
13354115
13358704
13361705
13374796
13388432
13433311
13437081
13452202
13457056
13468415
13470799
13480393
13492264
13493165
13501597
13511070
13530154
13535957
13550782
13572922
13575228
13575944
13579851
13604229
13609726
13618790
13636900
13641664
13643591
13676607
13687892
13699836
13703326
13704546
13716698
13723781
13783739
13785846
13796903
13810419
13816900
13826617
13831713
13832121
13837219
13840627
13843278
13850073
13859794
13864001
13867780
13911982
13919554
13950356
13954931
13965242
13971229
14000484
14006899
14019412
14024143
14030404
14035102
14051742
14070792
14080964
14091830
14106648
14131974
14145098
14147662
14149176
14179573
14187181
14193650
14274060
14299100
14302394
14309230
14321727
14329459
14334093
14342746
14348789
14360708
14361377
14361565
14365491
14388801
14394985
14403698
14409936
14448436
14461113
14472378
14474467
14487546
14526561
14551176
14565195
14572366
14580887
14590407
14628777
14633495
14649393
14682694
14699176
14713855
14716305
14726952
14764712
14789699
14810251
14823579
14839835
14850167
14855154
14867252
14868153
14880418
14880818
14936015
14960319
14966373
14974711
14975695
14977845
15017578
15035603
15048625
15071683
15079844
15088206
15100335
15107687
15119436
15122517
15126930
15129709
15152041
15162202
15162301
15195827
15204062
15237198
15255313
15263276
15264699
15265393
15266797
15274331
15288719
15290476
15295029
15302674
15320637
15340027
15369826
15392259
15395840
15427055
15448515
15457993
15508153
15521553
15576803
15588297
15590177
15590593
15619194
15625052
15633738
15659139
15699542
15728060
15737190
15757012
15760280
15786604
15815353
15840719
15845254
15854378
15855959
15870891
15875767
15921561
15947387
15948732
16011100
16023141
16036032
16045600
16047165
16071312
16080606
16092648
16112224
16151680
16156623
16160657
16160878
16172569
16187438
16199655
16234921
16269812
16272616
16288177
16295215
16321390
16327565
16330911
16366743
16369578
16408420
16412338
16441569
16444956
16456999
16469381
16500835
16557570
16560264
16592526
16618378
16632295
16635624
16638282
16641182
16642162
16663553
16667379
16675186
16689082
16695880
16703548
16728036
16732818
16762658
16800341
16807085
16810830
16811143
16834458
16854313
16856581
16881205
16881296
16883348
16953623
16961247
16964413
17010838
17013102
17021645
17042469
17055900
17077997
17097770
17103575
17152805
17169423
17198070
17200328
17202440
17217389
17220661
17225176
17233618
17235008
17238082
17238943
17242817
17246196
17263238
17312229
17351478
17354422
17367022
17382902
17394407
17437314
17477256
17482853
17497056
17497369
17501971
17518686
17524973
17527775
17569606
17606039
17614912
17683166
17693933
17711004
17784701
17796070
17798873
17821245
17830567
17850739
17924880
17956072
17956486
17971218
17976837
17985332
17988770
18025697
18059872
18061862
18065739
18135848
18156693
18161804
18192141
18226365
18230693
18240610
18249652
18269713
18286611
18310072
18315345
18352958
18379283
18388332
18397804
18406722
18421584
18478071
18481930
18483771
18515822
18598146
18653569
18674844
18697406
18716963
18735780
18769431
18778523
18780414
18786055
18834999
18876987
18885171
18909639
18926501
18994125
19030693
19101053
19134395
19183040
19228405
19270970
19280543
19300593
19476977
19476981
19533723
19564763
19578656
19603498
19676068
19699322
19709171
19714034
19719196
19735376
19759411
19781121
19791377
19845806
19855930
19870531
19931773
19987018
20008078
20053020
20077821
20125194
20142657
20150779
20159880
20178013
20202179
20203622
20233964
20247541
20274259
20285637
20317438
20321297
20329544
20338483
20343523
20350031
20374388
20511156
20523739
20539293
20590223
20611718
20636070
20663310
20700931
20727320
20741977
20742226
20761188
20765552
20778936
20785077
20785147
20937583
20943856
20980504
20995454
21081515
21108143
21148981
21196897
21227933
21253117
21256194
21280210
21280245
21306256
21337579
21356710
21377852
21414154
21414182
21604884
21630565
21651249
21686349
21761387
21777915
21805247
21812270
21877979
21884354
21909050
21949567
21949927
21952243
21967859
22027525
22031889
22042993
22136046
22143188
22183448
22195317
22203116
22249732
22259203
22291447
22300473
22353400
22390740
22405515
22434793
22453900
22476462
22481280
23104397
23189196
23208646
23224354
23253910
23262780
23294441
23298409
23300671
23303000
23305393
23311493
23328970
23355570
23385845
23409681
23450155
23579781
23595034
23775384
24254081
24269136
24277132
24301797
24316300
24318979
24380303
24415619
24426217
24595125
24641852
24721185
24736896
24746310
24842579
24904605
24954527
24964470
24964597
24986856
24990887
24996989
25010257
25076704
25115939
25147297
25222097
25241513
25285330
25314516
25346157
25347934
25449475
25468310
25501342
25520548
25533681
25540324
25559054
25603065
25610878
25638482
25645517
25676163
25692923
25706351
25709518
25726223
25742788
25763191
25787486
25835803
25840344
25867119
25878820
25900819
25901054
25925524
25972857
25977272
25986010
25999999
26004907
26022115
26046240
26111906
26125744
26133601
26149304
26157409
26170688
26172007
26173974
26182487
26209433
26245696
26258120
26258633
26262199
26298359
26358619
26396040
26416200
26441161
26453027
26512451
26539891
26542985
26557207
26587879
26590470
26592660
26638930
26638962
26664577
26673304
26681070
26717803
26727028
26736049
26753878
26758192
26770534
26790067
26803923
26833031
26833322
26838293
26879141
26883500
26906729
26934392
26935784
26960030
27002198
27004728
27020206
27024880
27025102
27032220
27043869
27070244
27086139
27109351
27122654
27135826
27143567
27143574
27143905
27144322
27158045
27183383
27221836
27287879
27305971
27320476
27326431
27348676
27379546
27380464
27478528
27541081
27580467
27647377
27650846
27655282
27680280
27690100
27721246
27728679
27762542
27781773
27786218
27795417
27817788
27904579
27908448
27912428
27919097
27990000
27991508
28006159
28022419
28030863
28031554
28036995
28044846
28050431
28056991
28076389
28115629
28125368
28143265
28165631
28165641
28220417
28221092
28224893
28227560
28231603
28236592
28266626
28313886
28318123
28350769
28352064
28360554
28395532
28404326
28418019
28456310
28461869
28594107
28598048
28672992
28742632
28752402
28755513
28757688
28779964
28794076
28827633
28880422
28933902
28956515
29074072
29078866
29123017
29127411
29181506
29183052
29233496
29247995
29329481
29374473
29394539
29430891
29443338
29496250
29539928
29564730
29581494
29600332
29619645
29704376
29730613
29807508
29825134
29862626
29914623
29917082
29960016
29976161
29996879
30102666
30157349
30157581
30173579
30194711
30219145
30252514
30342879
30378867
30380566
30384567
30447412
30469106
30507781
30533157
30552131
30586021
30597313
30646465
30655152
30670670
30708526
30753202
30753864
30775991
30781348
30804223
30826018
30861262
30944062
31040773
31076618
31128886
31263896
31357494
31375328
31378074
31396152
31420516
31462941
31471111
31518901
31530600
31571625
31596491
31665805
31667603
31735056
31751923
31771532
31772194
31777902
31785584
31839477
32008750
32132820
32145604
32180315
32186443
32198995
32223092
32238143
32243307
32298346
32321683
32343467
32363718
32363984
32477628
32506540
32512032
32572526
32606300
32612656
32614415
32621600
32668860
32688321
32791937
32792392
32802982
32831386
32885972
32907562
32915142
32920197
32927589
32929514
32940369
32940442
32969607
32973942
32990328
33124814
33184361
33218690
33219945
33244195
33364327
33373923
33383668
33387622
33389349
33405303
33457286
33494809
33498127
33560074
33610831
33618850
33646343
33652048
33670767
33682092
33694973
33716915
33727693
33737577
33748382
33807439
33823663
33875184
33919003
33942408
33983930
33984978
34017055
34047930
34057654
34084435
34085027
34096481
34122149
34138415
34141421
34185865
34188710
34194279
34208442
34210481
34211041
34227274
34228460
34261959
34275766
34288763
34292957
34318505
34330374
34330526
34330608
34347784
34359386
34379100
34386347
34399199
34406145
34413420
34451389
34457360
34489220
34492530
34536134
34549603
34554962
34569397
34585270
34601521
34607585
34616261
34676526
34702285
34710081
34712448
34715086
34717331
34778278
34778479
34799345
34803081
34874590
34907693
34912147
34918883
34923683
34932302
34988917
34996293
35011787
35012863
35058624
35100657
35106742
35112531
35119291
35126825
35150663
35155397
35165235
35167945
35188305
35197358
35202538
35233399
35244096
35251959
35286896
35305816
35335759
35378937
35382748
35412901
35413982
35418014
35438380
35446873
35448603
35472709
35478496
35514804
35575829
35579890
35584104
35607923
35610305
35612203
35625156
35628576
35633225
35644712
35645234
35669648
35679680
35680614
35738539
35745468
35780783
35784834
35814213
35835760
35842238
35847801
35890421
35964943
36024781
36040247
36059015
36082383
36089851
36099108
36105735
36107975
36111538
36142794
36155309
36175056
36177219
36182907
36184348
36202025
36222318
36226561
36227266
36246124
36250233
36257454
36281998
36328455
36329434
36337187
36346514
36354706
36367495
36377333
36385132
36421514
36424822
36441965
36449129
36473087
36497931
36509294
36521897
36522386
36547543
36553838
36574438
36631191
36639728
36644784
36667269
36670741
36691889
36715603
36720175
36720561
36723231
36745142
36748147
36752799
36798206
36818945
36831819
36834813
36854959
36869984
36875204
36879868
36886759
36888058
36906509
36966088
37011750
37040027
37062734
37101643
37108756
37122155
37154410
37177215
37207257
37218505
37220191
37226858
37255449
37259527
37273353
37275563
37284333
37322710
37361518
37386305
37386862
37393598
37395427
37398911
37406396
37452351
37456092
37533859
37540097
37542663
37553284
37564595
37586936
37612759
37617449
37635239
37655167
37669046
37669331
37703821
37721320
37722417
37741763
37745103
37792861
37816477
37830694
37835518
37842055
37849820
37887838
37887910
37889982
37915591
37915833
37924850
37974870
38005686
38012707
38038529
38047229
38074822
38125008
38142097
38150633
38166456
38192633
38227798
38228604
38234257
38235367
38266774
38276534
38306937
38313371
38325880
38336313
38337454
38357498
38398923
38400960
38403655
38427291
38429635
38445559
38447311
38450170
38472993
38473049
38486565
38491012
38494820
38514054
38515466
38520306
38520371
38523317
38549307
38550757
38554031
38597310
38607828
38611794
38624421
38626107
38627341
38637027
38655495
38674703
38678843
38679651
38688279
38692449
38693063
38699394
38699466
38700209
38702774
38706212
38714869
38735397
38750950
38754426
38761927
38765979
38784522
38786978
38816851
38870808
38894661
38919484
39012231
39053058
39067115
39070192
39104607
39106071
39147829
39150001
39230296
39237764
39242117
39266949
39359328
39387387
39424706
39441247
39458641
39495014
39519875
39544488
39599737
39609872
39641092
39691337
39732335
39744569
39769638
39779147
39788567
39832454
39835355
39961775
39972227
39976494
40014967
40067143
40079507
40103114
40109673
40112171
40125024
40144191
40202837
40221649
40224045
40232788
40237452
40238745
40242557
40257022
40292513
40299716
40313947
40328796
40344223
40367903
40370070
40460600
40463389
40489579
40524017
40533187
40543252
40638943
40656500
40658359
40673110
40682480
40693278
40728161
40736894
40752788
40820868
40824000
40855980
40860010
40882205
40895189
40902405
40907026
40926753
40945673
41007125
41037190
41038290
41058711
41112534
41123779
41149984
41157094
41166197
41189327
41268707
41287705
41288234
41293157
41308635
41352267
41382788
41409797
41418832
41419150
41504931
41544739
41583143
41594507
41627488
41629206
41739176
41753055
41800255
41832323
41854308
41879338
41893726
41901072
42019446
42020476
42094512
42096240
42113507
42117203
42199324
42200414
42208264
42214580
42230590
42242421
42315135
42402609
42403591
42472944
42516660
42534267
42566186
42584142
42629936
42631377
42664144
42669786
42739489
42756194
42767166
42783187
42843501
42871591
42882539
42884355
42952581
42960394
42966802
42980861
42983285
42995371
43001774
43002201
43008397
43010906
43052533
43053917
43106353
43110109
43111149
43118149
43120057
43141404
43143309
43214204
43223873
43242525
43276194
43343568
43357575
43367103
43373968
43415745
43505182
43510481
43638852
43643175
43646211
43646218
43663013
43735615
43744687
43756414
43761609
43779021
43842149
43891060
43945511
43965119
43967757
44009927
44022701
44062068
44125751
44138457
44169362
44171878
44186049
44250610
44305290
44319716
44320573
44325129
44379436
44420385
44472956
44594234
44610724
44622039
44622499
44636618
44686830
44701954
44706787
44734648
44758188
44773500
44788659
44796159
44802267
44802631
44830751
44860762
44909717
44916254
44916955
44926484
44940413
44942295
44950869
45023719
45057232
45088185
45091362
45094581
45111047
45120760
45176872
45182394
45220835
45227603
45231312
45239692
45244507
45248747
45253476
45297335
45308844
45319961
45381038
45401235
45411361
45432758
45434627
45452869
45469118
45479009
45501245
45527865
45528962
45558320
45597482
45609031
45622672
45626173
45626348
45650578
45725134
45798765
45818014
45824825
45866767
45900455
45932196
45954010
45955195
45968533
45970557
45981136
46022381
46060893
46186252
46199603
46220912
46239419
46241189
46249401
46318087
46342705
46356521
46413059
46423900
46439126
46510793
46532396
46564288
46575191
46593577
46615912
46617019
46622016
46649388
46762365
46763581
46806264
46806930
46914025
46917410
46962904
46980499
47027000
47043002
47045387
47050886
47094985
47101329
47102145
47109037
47115979
47128131
47171509
47186073
47214600
47221469
47237400
47239906
47246409
47265752
47274509
47281969
47286090
47295292
47336306
47339027
47348577
47396627
47396958
47446042
47469402
47490086
47508950
47521977
47545009
47568611
47594736
47595853
47611766
47615989
47620786
47664394
47689818
47700512
47723128
47744861
47748375
47762081
47770907
47771988
47775976
47784910
47797723
47798865
47805684
47825466
47839782
47849218
47853491
47871390
47896521
47931490
47958117
47961873
47987351
47994830
47998429
48008831
48020496
48058819
48060535
48073305
48149517
48156638
48175126
48194121
48199047
48227651
48229256
48244736
48267315
48272522
48275252
48329084
48353992
48359333
48359768
48382680
48410878
48435217
48447713
48454650
48467331
48480016
48517555
48538013
48551000
48570673
48577054
48591102
48598746
48611372
48615212
48618693
48634230
48654465
48657679
48679353
48687074
48725138
48735009
48743596
48765988
48802007
48802147
48808692
48808992
48816963
48839135
48843446
48871881
48874861
48885937
48889314
48942548
48948859
48958801
48970591
48981134
48993719
49029138
49061720
49072489
49076266
49107813
49108174
49193223
49217236
49258171
49291867
49324716
49331455
49347491
49408193
49428328
49435350
49460062
49470094
49502658
49503750
49540012
49553202
49554119
49576382
49588510
49599664
49604635
49633418
49642676
49662103
49673390
49683687
49755752
49871383
49895270
49896559
49901047
49903003
49907453
49913089
49917941
49931286
49941534
49944567
49985348
49994214
49994762
50000528
50008168
50020133
50023776
50026818
50028708
50040930
50059157
50060092
50074797
50111676
50160046
50167853
50188461
50192572
50202164
50211341
50216105
50221863
50226022
50246576
50258689
50333567
50335239
50344385
50353698
50377123
50395721
50410522
50465980
50484103
50504506
50507144
50509417
50554435
50558071
50563448
50611528
50653467
50653669
50663150
50672705
50720057
50725403
50785675
50793014
50833396
50835658
50836353
50850470
50896446
50902412
50903192
50998910
51016269
51042584
51048187
51061438
51076019
51079052
51119584
51143080
51152003
51187405
51189557
51213758
51243812
51245569
51270069
51290600
51311699
51338339
51342384
51393047
51405408
51445108
51450101
51487328
51489522
51556877
51566242
51574316
51579290
51584312
51591342
51597378
51615481
51616869
51620281
51657783
51674992
51705784
51776115
51791710
51837656
51857399
51865473
51875825
51881109
51917172
51962481
51962726
52009158
52030023
52048795
52052193
52056792
52113279
52122745
52147772
52153801
52167808
52202324
52210597
52230449
52238488
52286988
52289646
52294619
52303420
52310333
52356195
52359389
52374843
52406735
52448794
52527538
52544286
52578733
52637454
52637867
52663172
52755435
52757208
52820360
52826168
52917530
52919433
52919976
52921724
52954850
52955167
52990645
52990858
53443974
53642653
53753647
53763112
53878361
53886859
54334540
54338123
54358687
54367296
54383909
54399096
54431891
54434374
54434382
54444684
54471099
54474315
54478311
54492271
54496261
54514001
54516897
54523552
54527858
54528190
54560015
54569231
54588072
54615662
54616752
54620605
54633109
54636312
54640274
54659641
54681694
54691578
54692437
54698181
54705941
54763009
54765066
54783578
54790575
54798673
54804607
54815914
54833498
54840665
54842344
54884884
54888864
54897894
54917442
54934851
54953085
54988894
55002852
55007730
55016119
55031309
55035113
55035551
55060204
55087016
55089784
55104408
55144977
55170588
55184818
55211763
55224007
55226154
55232307
55251520
55274070
55288072
55305342
55315073
55334106
55351608
55360380
55363542
55365970
55380394
55382704
55385816
55429960
55434075
55444944
55449531
55454745
55456215
55519888
55539300
55544427
55544668
55547703
55560560
55597163
55602420
55610687
55624478
55644969
55693430
55697725
55708041
55713351
55731450
55736079
55784517
55846548
55857657
55885993
55932541
55934842
55955642
55962849
55970962
55974286
55985772
55989136
56013584
56089152
56089612
56103094
56105461
56117945
56172558
56182442
56183480
56196078
56196633
56210242
56224755
56250138
56262419
56263819
56283849
56302791
56304685
56314561
56321250
56321709
56324155
56335633
56336014
56360200
56369328
56369889
56379757
56383323
56386701
56427638
56442165
56455318
56455999
56460850
56465633
56466338
56474020
56474414
56490361
56509088
56513569
56535865
56545877
56549533
56568010
56570105
56570421
56570555
56579006
56587109
56596305
56602088
56612674
56617037
56625181
56640753
56662154
56673947
56677657
56687274
56695728
56703691
56712351
56726218
56731069
56739179
56739443
56764573
56769474
56769951
56779294
56781383
56782662
56795432
56811783
56826136
56827411
56832306
56846226
56852608
56859910
56874295
56877453
56885977
56889568
56892431
56893849
56894857
56899115
56899817
56915264
56916170
56920080
56925961
56936301
56936525
56942530
56946102
56957962
56964387
56964974
56969336
56975803
56989159
56997888
57005031
57007543
57011270
57012656
57019271
57023074
57037249
57042533
57047374
57047718
57050424
57058198
57066554
57070314
57084298
57085540
57088683
57094996
57104527
57107688
57121494
57121503
57125354
57137024
57142283
57155593
57179323
57180528
57185131
57187303
57192529
57196208
57201037
57205198
57208977
57213584
57226078
57226240
57236853
57240235
57247553
57254147
57271075
57279616
57298751
57304675
57307184
57307363
57311192
57312412
57317894
57321084
57322886
57330864
57331224
57334967
57350648
57359114
57387189
57390800
57390806
57393111
57395071
57396490
57401925
57405262
57406880
57410372
57423264
57427264
57429286
57430694
57430772
57433866
57454858
57454976
57462077
57487539
57510551
57515092
57516080
57520174
57524318
57525167
57534418
57540500
57546899
57550102
57559425
57567541
57571964
57571983
57577028
57578185
57583265
57595201
57600307
57626116
57632190
57634792
57638361
57638927
57658906
57660056
57679990
57693315
57695320
57700744
57700790
57701301
57702924
57727390
57760586
57789765
57803923
57805587
57816528
57817438
57828149
57828784
57831517
57836775
57858298
57858443
57871639
57874008
57883100
57884518
57886604
57893808
57900151
57903107
57940568
57950411
57952616
57982355
57987528
58002670
58002693
58012537
58014055
58023558
58024388
58029552
58033661
58036363
58046687
58054696
58057483
58065436
58069223
58073946
58074935
58088534
58091061
58094916
58097797
58127799
58150142
58161496
58174545
58182843
58187687
58188520
58239272
58249510
58252259
58254091
58256552
58270477
58270823
58299738
58306889
58321249
58332495
58332775
58332937
58355141
58356766
58364131
58385535
58388340
58395342
58404067
58411746
58417850
58443374
58462068
58462371
58462945
58477520
58491876
58507437
58528836
58533050
58548158
58557373
58558910
58559933
58565410
58565740
58566941
58570720
58573136
58575212
58578389
58593075
58595056
58599991
58600086
58615794
58620226
58627103
58649181
58649240
58649302
58653266
58664674
58665401
58673581
58673928
58681533
58687036
58688976
58692487
58706209
58708039
58715251
58721013
58729512
58735040
58735216
58740121
58751595
58758126
58787866
58790883
58793078
58806065
58810137
58811846
58821150
58825144
58831784
58832144
58836857
58848889
58857781
58865383
58868116
58872966
58878696
58884413
58889731
58890671
58902875
58917390
58928383
58932971
58938160
58939191
58941562
58946577
58947096
58949788
58963404
58975292
58976493
58978696
58994346
58996327
58996624
59007010
59013564
59014439
59035474
59041239
59050899
59060893
59063874
59075347
59080109
59089782
59109949
59116411
59125318
59134257
59139787
59141478
59151874
59157630
59157925
59173190
59173875
59173944
59175231
59176080
59188624
59203807
59206731
59209010
59219965
59230188
59233765
59242918
59270436
59273823
59281434
59284794
59285031
59285270
59291804
59292531
59309294
59315849
59321687
59329331
59331033
59331091
59332390
59338155
59339981
59352979
59359353
59360671
59379484
59388564
59391556
59397848
59398769
59402593
59413042
59413155
59425467
59443781
59445003
59458092
59460566
59465829
59468035
59484994
59488141
59495189
59496088
59502709
59518342
59518611
59530698
59533451
59535791
59536779
59537888
59539361
59576628
59585590
59613028
59614100
59617423
59620684
59621833
59625439
59626284
59629222
59635185
59650910
59656281
59660090
59669939
59672357
59673849
59683002
59697232
59701682
59706883
59727343
59746010
59747094
59790685
59800588
59809465
59814979
59829005
59848054
59850220
59853783
59858021
59868382
59884237
59884271
59884937
59886228
59893089
59895270
59899374
59908486
59915958
59933468
59948178
59948969
59955020
59958116
59962786
59966737
59978451
60013909
60020026
60027827
60041880
60052853
60079325
60084691
60103081
60123708
60128772
60129422
60130895
60136020
60150813
60151777
60152157
60163092
60186730
60191175
60191955
60197839
60203194
60246872
60257058
60260950
60266438
60281192
60284098
60289382
60289751
60293595
60320854
60352859
60358537
60374125
60383029
60387034
60398366
60402441
60419190
60425566
60435082
60456226
60456844
60473779
60480035
60486694
60495676
60503345
60510545
60512120
60515771
60516506
60533253
60535935
60549674
60563570
60564010
60569178
60580078
60585728
60592659
60595333
60603962
60605814
60619762
60620063
60624753
60629479
60641526
60642651
60650168
60653465
60660086
60675665
60681918
60698556
60698989
60708266
60708767
60714734
60720365
60722591
60726930
60727549
60740290
60741930
60744317
60745211
60752687
60769720
60784748
60787499
60810066
60828519
60830850
60839828
60858722
60869851
60870688
60878509
60879801
60887211
60888922
60923124
60927479
60927712
60943458
60952893
60960827
60978746
60993841
61011250
61036328
61040643
61050275
61059008
61060065
61066811
61067595
61079355
61081283
61082419
61090121
61112549
61113579
61127840
61130389
61130746
61131925
61132152
61132346
61133350
61137742
61139219
61151935
61156119
61156397
61159132
61164979
61168641
61184991
61218838
61233006
61234515
61239231
61267336
61282752
61297761
61305181
61307738
61320043
61348317
61350256
61351079
61357205
61366260
61366470
61370333
61417747
61417841
61444209
61456298
61467876
61478652
61483007
61490127
61493110
61513869
61520965
61522604
61527354
61529436
61531210
61535896
61537537
61565852
61591522
61598653
61603693
61607636
61608380
61609627
61618507
61624694
61638215
61644725
61651910
61654476
61656103
61660310
61688882
61705658
61707531
61710344
61722550
61737998
61743184
61749328
61753017
61776726
61792235
61797635
61799411
61817096
61823101
61852385
61852507
61854281
61878155
61881279
61890877
61899248
61910810
61913580
61924175
61927721
61936205
61947309
61953375
61958177
61958738
61960823
61966306
61972018
61972363
61974149
61974257
61997741
62013727
62014477
62016496
62018521
62024889
62026882
62028241
62040387
62052640
62067918
62072176
62076828
62077194
62088344
62100870
62119245
62120180
62133870
62136907
62138313
62140642
62148167
62151546
62173396
62195944
62200114
62202760
62214792
62216283
62218969
62225875
62242123
62258138
62264495
62272735
62279521
62280618
62280843
62282482
62285738
62294737
62305536
62305972
62307519
62315442
62323796
62328773
62339829
62340218
62345670
62364298
62378908
62383282
62388026
62390000
62401364
62402940
62409314
62413095
62418569
62419473
62419475
62419638
62434757
62439877
62442348
62444283
62444479
62463489
62474151
62489329
62490698
62495334
62497003
62503564
62508554
62515418
62521060
62522134
62524823
62545045
62547663
62551239
62556400
62557486
62572688
62575654
62577516
62584112
62592746
62596928
62603583
62604132
62628615
62661780
62676629
62711206
62713916
62717112
62722670
62723620
62725327
62757869
62758900
62759650
62760284
62763027
62767008
62781860
62796672
62800354
62808265
62809982
62817170
62819687
62821691
62823500
62824218
62830795
62840218
62848833
62857306
62859186
62863825
62869408
62869476
62874130
62875785
62878645
62878742
62881514
62885022
62887124
62893300
62895423
62896391
62897680
62907249
62908294
62909889
62912159
62912799
62913596
62920198
62921109
62923992
62927036
62928150
62930423
62932710
62943165
62964138
62968868
62985452
62994769
63017399
63018665
63030868
63045458
63068474
63074393
63075323
63087691
63097287
63099157
63107944
63113581
63144572
63179094
63209473
63226132
63232525
63245800
63245954
63255133
63258554
63263369
63277477
63306336
63333766
63345122
63354496
63374417
63377357
63387755
63405062
63406224
63418659
63422160
63422509
63430978
63433024
63454332
63454575
63454942
63462716
63471387
63476401
63482186
63490401
63493335
63494389
63500550
63514295
63521602
63530612
63531642
63537098
63545759
63559860
63560498
63564063
63564659
63568941
63587711
63593437
63617716
63620783
63644607
63666089
63666215
63733585
63738416
63744781
63753778
63760885
63775846
63806270
63809982
63816833
63842337
63843386
63848989
63850265
63851728
63858842
63862905
63863242
63873244
63875114
63910792
63915746
63948529
63959337
63963560
63968341
63976273
63996127
64015193
64015686
64049807
64051003
64066032
64081544
64087507
64089730
64097272
64100176
64107885
64115973
64116359
64127397
64132348
64139296
64139303
64140451
64144098
64148732
64151517
64161645
64170439
64187337
64217230
64228802
64229424
64234974
64239577
64240771
64244272
64246771
64282538
64302902
64347494
64351195
64357931
64363436
64365485
64375427
64376246
64378960
64379252
64405105
64409835
64417712
64465211
64483875
64514259
64525203
64554339
64566674
64570967
64582461
64590400
64593242
64596463
64596769
64603974
64612787
64618054
64618205
64622145
64641313
64643464
64646463
64655831
64658786
64663238
64680297
64697194
64720714
64755144
64757601
64766514
64776866
64785760
64791183
64797168
64803414
64817383
64825099
64843746
64860066
64878339
64884486
64889954
64890042
64902117
64907326
64907610
64913045
64925696
64928703
64930910
64931860
64943957
64947616
64980575
64983517
65011770
65044525
65046970
65068636
65125096
65125478
65129353
65129704
65135475
65157862
65161401
65166626
65169909
65170724
65184140
65186488
65195077
65197969
65205944
65213344
65222188
65227464
65243377
65244783
65249358
65249411
65251794
65266309
65269826
65305796
65319183
65320079
65331828
65332454
65334644
65345104
65346417
65349913
65373001
65381970
65383974
65389304
65389510
65412304
65466142
65477123
65496280
65526474
65544467
65547937
65548275
65555265
65557220
65559945
65561437
65566814
65583415
65588448
65588712
65626791
65633532
65634069
65672667
65682928
65693576
65725681
65731116
65738322
65758400
65760631
65761419
65761944
65765662
65767443
65768845
65770872
65822047
65824040
65834899
65842614
65860142
65891374
65894262
65894695
65895089
65902567
65905010
65911655
65924800
65939901
65944249
65947116
65947591
65949625
65952945
65967205
65967826
65968514
65969451
65977127
65982096
65982725
65983055
65984971
65986433
65990474
65993186
65999215
66004550
66007905
66017025
66028983
66044291
66047016
66064435
66066342
66070646
66085306
66094927
66098370
66098858
66125502
66126387
66133800
66137938
66140149
66145351
66146066
66154965
66160112
66162208
66199261
66203074
66203839
66209130
66212145
66217891
66237554
66262984
66267175
66270815
66274157
66278569
66288190
66288875
66291197
66292864
66311444
66313184
66315180
66315290
66316884
66322030
66328428
66347974
66350837
66352914
66367760
66391574
66394604
66422549
66425209
66426732
66439169
66476881
66477646
66497000
66519053
66521174
66526872
66527513
66531208
66547344
66559350
66581286
66587302
66598468
66614059
66618474
66624523
66630029
66640702
66640714
66665517
66677487
66678280
66683641
66689817
66703258
66703745
66704741
66721636
66728284
66745392
66751543
66765209
66795453
66807123
66808022
66812927
66847381
66851981
66858068
66858272
66910690
66912892
66915138
66930757
66937873
66940812
66957897
66960655
66968507
66971727
66972044
66982987
66984584
67000241
67018065
67018310
67045622
67050336
67059994
67067298
67069282
67077236
67102826
67113181
67143294
67150734
67161775
67178168
67182565
67188780
67197842
67199678
67211207
67228346
67234115
67261112
67267602
67290991
67292910
67296979
67300705
67321690
67330594
67332441
67365807
67369851
67374607
67378295
67380414
67390491
67394401
67394455
67403423
67418509
67430272
67438746
67443236
67447101
67453913
67456762
67461519
67476946
67479864
67481654
67484076
67484415
67490470
67507734
67514929
67534432
67543023
67551702
67555387
67566303
67566464
67568894
67569996
67581585
67583827
67605226
67615330
67622133
67629705
67637137
67646176
67651206
67675333
67679278
67699606
67721545
67725450
67743951
67746137
67766587
67778984
67782525
67797911
67815715
67818901
67822414
67863193
67898768
67904095
67906323
67907480
67920061
67931039
67935008
67955481
67978311
67991522
67996232
68012319
68018827
68040821
68042146
68044804
68051532
68055505
68061608
68068624
68078845
68092676
68105278
68106198
68109632
68119308
68121402
68131349
68137509
68156871
68161109
68162744
68165743
68168248
68171977
68177479
68193306
68233186
68234332
68236226
68239247
68242954
68253939
68286312
68290485
68311699
68321738
68323859
68334959
68337412
68342045
68353244
68372319
68380306
68406496
68408784
68414488
68433206
68435917
68448175
68451370
68470502
68480196
68503185
68517865
68522825
68552203
68578147
68579509
68600127
68623747
68638604
68654380
68662732
68668045
68675749
68688822
68688849
68699807
68718751
68731559
68732032
68743944
68745751
68755835
68762373
68766834
68767450
68775252
68785508
68786602
68790607
68791886
68793090
68803262
68803835
68816860
68820146
68839528
68844390
68844500
68848817
68862692
68876944
68881787
68887171
68894546
68894921
68904882
68908396
68913672
68916972
68918310
68922123
68923366
68924741
68949269
68950992
68973161
68983167
68984570
68988733
69007206
69008051
69010770
69014964
69040757
69041949
69056499
69080765
69087510
69097068
69108628
69110023
69138152
69139380
69139605
69143212
69155870
69162513
69168243
69228313
69230086
69232307
69274427
69276778
69286006
69286050
69289606
69301772
69309121
69333212
69336928
69342379
69346395
69353268
69381082
69408029
69422029
69423602
69433311
69434308
69459902
69472216
69487890
69491632
69507105
69513099
69526065
69591343
69601365
69612806
69617575
69646791
69685213
69685815
69693174
69693795
69716273
69721362
69729105
69732501
69739796
69751074
69752931
69753245
69768235
69789719
69804192
69827039
69863717
69864182
69866281
69867020
69871779
69884662
69899025
69936244
69949644
69954089
69954494
69954639
69965720
69983371
69987305
69997093
70035186
70035234
70047391
70070398
70085163
70095965
70101363
70132215
70139851
70151935
70182638
70185305
70187443
70193404
70205233
70211427
70231450
70240178
70252932
70276057
70300002
70357068
70359063
70365234
70396540
70400682
70404223
70406732
70411084
70416208
70444771
70444933
70460998
70461536
70462663
70473423
70476012
70479253
70480739
70483608
70484097
70511594
70521879
70542349
70546441
70554172
70579305
70581511
70627111
70641748
70667617
70674346
70676751
70680001
70748539
70749050
70773399
70785221
70794278
70854624
70874701
70893587
70943059
70982745
70999727
71000135
71001215
71009727
71025973
71065556
71084738
71099603
71101493
71104913
71107449
71114971
71125339
71136146
71140163
71141765
71144442
71147617
71170815
71174252
71177632
71189224
71210637
71216292
71220097
71230021
71251980
71265112
71302669
71304135
71312088
71319483
71320917
71380702
71384260
71387458
71397494
71423442
71434979
71447046
71448749
71476721
71478504
71488900
71493770
71514628
71514967
71521917
71524389
71534654
71565140
71567198
71571300
71572193
71580682
71599414
71600029
71612061
71613346
71637896
71645931
71646423
71688190
71692057
71696716
71710243
71715608
71717927
71728635
71734488
71756118
71764344
71764832
71765758
71806852
71818519
71850733
71875523
71885708
71891800
71912451
71920375
71951412
71976926
71989443
72010143
72011288
72024993
72041185
72058638
72061691
72082021
72085752
72116990
72118824
72124978
72126598
72126893
72164189
72184562
72188215
72192632
72193089
72200919
72211008
72224038
72227011
72240540
72268041
72275079
72293045
72305371
72308725
72315402
72325448
72340605
72356193
72366162
72386963
72394641
72414148
72417210
72417318
72427240
72436930
72448306
72449577
72459263
72466881
72496590
72499462
72506465
72518353
72520719
72532981
72550309
72559669
72570152
72580188
72589123
72602627
72604186
72605157
72612321
72639069
72651677
72675559
72687502
72689571
72707700
72708202
72710486
72739412
72744364
72745629
72753400
72765933
72767469
72776334
72781274
72781628
72783779
72785216
72810041
72817922
72828091
72828395
72832892
72845835
72873416
72898136
72908323
72909674
72941895
72942658
72943745
72946432
72951015
72969191
72977441
72977473
73005068
73012124
73016057
73018488
73046664
73056190
73110909
73114574
73118535
73120109
73148688
73164179
73178254
73214186
73228381
73238970
73248270
73249160
73278665
73289291
73293695
73294395
73304066
73333135
73335285
73349318
73362709
73373434
73379528
73399858
73402938
73412068
73417418
73428541
73454929
73466347
73467718
73473750
73492403
73501965
73529215
73563312
73584866
73604424
73607778
73608496
73634001
73642384
73645039
73657457
73661181
73667628
73670615
73695516
73725400
73733373
73757516
73762154
73765117
73765133
73769296
73795682
73808926
73810436
73837161
73845955
73864231
73871779
73878822
73882514
73888166
73955917
73963102
73970377
73988608
74016680
74028410
74034217
74054225
74090626
74091561
74118097
74154894
74178936
74191708
74194269
74206909
74212665
74217160
74220908
74225291
74250604
74255517
74261049
74263444
74290750
74294968
74298124
74315609
74334112
74343352
74361921
74365514
74366093
74391640
74403206
74409120
74415483
74417497
74426262
74438276
74446777
74499773
74507153
74509863
74536416
74544080
74567976
74594079
74594851
74600378
74607673
74607914
74609278
74639177
74651415
74701948
74710072
74713232
74735688
74744836
74747627
74768054
74768939
74783697
74814545
74821587
74838152
74838946
74840882
74850471
74891884
74892220
74914748
74924716
74927242
74936689
74943195
74973185
74985350
74986585
74992123
74997686
75017292
75021924
75038116
75054995
75059381
75078198
75087647
75096619
75128472
75150046
75162476
75162703
75162718
75168893
75191092
75198613
75199399
75206202
75229531
75232616
75241218
75248070
75253352
75253526
75277905
75281685
75281752
75282507
75283181
75286957
75289880
75324485
75327744
75329841
75350544
75350682
75387502
75392136
75397533
75423002
75425556
75438972
75455769
75461562
75462015
75474135
75506485
75517608
75518661
75525266
75528162
75531829
75559271
75603568
75612496
75618554
75631808
75635988
75641557
75665684
75671168
75673707
75700448
75718490
75727357
75762997
75765104
75766713
75769818
75779429
75781004
75806677
75813671
75841415
75857309
75868505
75870303
75873196
75897801
75905366
75941344
75972902
75993355
76010354
76016356
76022083
76033704
76047685
76048684
76050147
76070513
76074130
76077742
76103221
76107756
76121003
76140704
76140874
76158198
76159410
76159556
76165378
76166083
76169982
76171283
76183149
76189144
76196489
76208050
76218582
76220584
76251364
76252218
76277934
76280532
76294880
76298358
76337521
76353502
76358953
76369220
76400976
76405498
76427063
76468718
76482571
76484997
76485577
76508913
76512275
76516765
76524871
76532289
76543324
76558714
76564776
76574716
76582313
76600437
76603224
76607628
76621208
76653933
76657690
76670086
76678945
76682557
76691413
76698003
76698426
76702623
76714808
76716445
76726579
76737425
76742853
76745253
76749204
76760593
76767344
76770417
76777051
76796132
76799318
76799716
76806230
76820193
76821414
76826259
76828057
76837853
76842157
76865589
76866307
76869107
76872168
76872448
76901547
76916219
76918016
76921948
76923891
76923992
76929731
76931927
76935190
76961255
76962930
76966387
76966700
76991343
76997619
76997674
76998603
76998742
76999577
77003773
77005018
77008332
77016475
77020233
77023752
77031282
77031301
77031855
77047889
77072167
77072447
77114615
77120289
77126625
77126901
77132030
77133266
77134293
77156515
77157523
77158262
77159883
77164344
77170800
77205012
77213498
77223806
77236151
77243596
77251347
77255632
77259579
77260916
77261775
77268772
77270555
77292103
77295990
77296635
77297910
77308301
77310650
77312559
77330851
77358594
77371178
77375141
77396433
77399845
77411210
77415447
77415891
77419510
77421197
77428474
77435028
77449142
77452803
77454055
77455408
77457145
77457768
77468372
77484278
77487419
77488444
77492867
77515178
77518059
77528221
77564172
77567368
77570274
77570389
77582204
77592888
77597454
77613408
77613845
77614559
77617824
77625483
77652759
77658511
77660587
77661129
77667385
77669659
77670319
77681476
77682205
77682438
77690694
77695201
77698239
77712240
77723735
77726505
77732541
77740906
77743880
77748311
77761740
77765367
77766934
77767315
77777633
77780336
77781075
77808048
77823655
77831655
77846073
77850911
77853681
77856632
77878647
77884727
77895367
77909703
77917104
77942080
77946477
77947500
77959802
78007735
78011370
78051190
78061371
78063900
78068259
78071133
78071802
78071979
78079575
78085792
78086050
78094805
78095778
78096744
78109599
78115996
78117442
78119012
78132444
78134907
78134910
78146609
78149363
78161069
78164953
78187578
78195728
78206086
78208064
78208178
78218845
78232710
78232736
78233992
78236962
78241497
78245383
78248443
78250661
78251336
78251348
78267418
78268435
78273507
78273890
78277211
78277793
78280895
78295952
78304351
78312610
78326559
78328867
78331978
78360686
78361312
78364516
78370793
78374157
78385421
78389731
78393392
78397973
78400556
78407103
78419471
78428472
78435955
78444747
78450835
78452379
78453172
78455855
78462931
78487463
78487942
78492078
78493479
78498494
78501978
78506387
78510527
78511101
78511388
78525603
78528225
78530747
78546667
78549925
78556656
78602801
78610189
78610953
78625754
78653808
78654896
78656091
78657674
78676189
78687216
78691188
78696683
78705373
78708480
78720337
78721973
78722357
78724250
78738709
78745224
78747848
78752624
78756621
78774686
78775751
78797905
78798179
78810548
78811900
78820862
78831233
78835843
78846382
78848830
78852723
78857427
78873287
78892868
78898342
78900816
78901064
78911670
78923634
78923997
78945916
78951948
78964835
78970022
78976279
78978591
78985906
78990485
79006927
79008266
79023478
79027348
79046821
79052011
79054135
79054252
79075904
79096242
79104247
79106348
79142469
79144750
79146983
79162678
79169333
79169589
79180912
79182381
79189296
79208931
79222740
79224367
79224515
79238456
79241744
79242390
79244693
79252567
79270749
79286413
79303282
79304295
79322759
79329883
79338052
79349850
79353871
79357896
79360104
79384628
79428382
79429515
79473624
79484035
79484722
79486213
79489649
79514074
79537831
79546293
79548377
79564946
79567949
79575587
79584803
79586440
79601086
79619086
79637805
79646024
79650989
79654838
79655559
79665466
79672578
79687657
79691289
79700901
79702587
79708492
79747970
79756672
79763306
79770564
79771070
79790590
79807331
79829184
79833158
79838280
79840720
79846755
79848235
79862130
79905280
79910473
79914375
79918576
79922944
79933666
79938449
79947145
79957435
79958107
79970980
79975094
79997992
79999983
80013149
80013423
80020638
80032344
80033619
80035038
80044470
80055017
80063520
80071923
80096067
80123214
80128324
80131918
80146024
80146646
80153698
80155667
80165559
80166345
80177488
80178903
80180301
80186968
80202147
80215815
80218929
80235017
80243744
80249977
80252396
80257348
80257622
80268259
80278274
80289988
80293947
80297890
80304449
80319629
80320061
80335620
80342624
80356801
80364245
80370596
80387492
80414693
80414998
80431008
80433444
80435232
80435482
80440411
80447535
80464670
80487759
80489571
80506463
80529928
80554177
80560662
80565100
80575901
80585951
80588137
80604648
80622292
80647754
80654321
80659665
80663480
80671416
80679986
80688784
80692142
80698918
80714349
80717751
80727197
80735278
80735687
80736286
80740310
80741511
80752934
80754589
80758004
80771172
80774022
80790301
80798994
80811179
80815520
80828558
80853350
80855405
80866617
80868922
80882111
80893049
80894729
80906353
80929627
80935415
80937467
80944885
80966089
80966929
80977518
80983470
80987708
80994187
80994362
80998327
80999273
81010355
81011195
81021213
81041659
81043147
81061872
81062838
81081933
81088606
81091186
81095598
81102689
81103792
81107508
81107735
81112144
81132916
81136160
81139702
81145071
81148582
81149042
81155420
81160012
81161308
81162638
81168338
81184180
81186977
81189627
81206634
81211129
81218331
81229172
81236129
81251976
81253839
81257586
81259239
81260156
81278667
81280541
81280825
81281891
81295652
81351691
81358362
81360233
81365900
81372683
81372788
81373023
81374245
81377553
81377748
81391957
81396967
81404714
81413188
81428833
81429222
81435156
81449508
81451870
81460556
81477702
81480122
81481578
81482522
81483974
81487788
81493932
81518815
81535535
81548163
81549790
81566874
81571309
81573217
81580511
81583127
81586966
81598025
81602361
81608598
81611247
81617669
81617828
81628687
81636212
81655996
81656376
81657786
81658196
81669594
81688494
81689997
81699240
81702995
81721025
81725236
81726232
81730370
81742215
81744548
81748963
81753058
81754967
81764520
81781838
81787230
81799275
81806143
81809708
81816424
81825825
81830152
81861461
81863904
81867250
81880541
81888299
81888927
81901277
81906166
81925556
81937422
81944593
81948472
81949828
81972926
81992249
81993851
81998680
81998718
82015235
82026581
82029149
82031904
82039302
82050378
82091055
82092116
82104326
82106233
82135935
82141471
82148336
82164023
82166068
82170150
82172844
82178114
82210980
82217720
82225395
82249742
82261227
82273446
82289713
82290013
82292721
82307650
82310746
82310797
82332077
82335470
82341813
82347990
82348741
82360413
82363775
82364304
82373243
82382742
82388666
82427310
82442669
82444998
82455539
82493638
82495121
82500244
82510517
82526134
82534159
82544060
82550944
82560305
82560640
82564680
82572617
82573813
82575128
82587931
82595578
82598548
82599323
82605676
82606722
82608821
82614693
82618299
82620233
82620343
82622155
82622349
82624251
82627346
82629562
82634432
82663422
82667968
82671886
82678911
82683424
82705726
82735727
82748921
82749804
82751607
82753580
82755027
82772188
82778322
82804029
82824219
82840612
82841589
82855728
82883301
82894951
82945531
82955990
82963221
82965477
82975375
82977900
82980374
82990422
82995562
83006797
83018204
83019263
83021088
83023427
83025300
83033849
83058116
83059349
83060018
83066201
83074062
83098728
83102095
83102123
83107375
83107945
83108698
83119412
83124429
83144000
83153420
83158255
83164497
83180549
83182503
83198674
83202464
83204161
83204544
83214961
83217028
83227136
83230995
83235400
83241295
83244159
83256789
83259251
83265357
83268944
83270254
83289571
83290622
83292647
83294687
83296274
83298273
83300843
83306378
83309243
83315343
83320529
83323273
83323659
83323867
83324400
83324930
83325053
83325180
83325475
83327980
83340498
83357887
83364232
83384354
83388701
83410727
83421663
83426697
83428841
83431859
83434113
83444471
83444609
83445906
83450319
83463213
83474906
83475944
83543340
83561236
83570278
83571562
83591265
83593349
83594010
83600822
83620412
83631531
83635872
83658556
83676299
83676485
83697006
83698783
83726325
83730530
83763012
83780814
83801688
83825373
83828782
83835964
83851639
83862752
83863798
83888772
83902039
83914474
83940954
83941297
83945032
83948570
83969616
84005021
84035083
84057079
84062060
84064573
84065336
84089569
84114885
84140347
84176366
84192903
84197775
84262151
84265103
84265500
84285168
84299938
84324862
84325817
84330502
84331609
84354027
84360525
84373979
84384739
84386388
84388590
84388909
84399065
84413124
84413686
84420929
84435319
84441400
84460591
84462720
84483351
84489308
84500556
84503538
84507862
84509830
84579346
84580325
84597069
84600737
84605480
84605546
84644959
84658896
84666355
84693848
84711301
84712200
84722820
84765340
84766628
84774613
84791108
84800021
84813026
84815242
84819334
84821411
84829178
84839901
84847786
84849805
84862047
84865177
84920672
84937326
84941130
84943678
84943942
84948268
84960998
84983693
85041374
85052828
85059148
85076376
85085685
85133223
85143676
85146968
85147447
85148065
85153230
85156711
85176458
85179204
85182933
85210820
85219126
85225698
85231431
85234817
85237145
85242343
85246582
85252871
85266830
85290227
85292370
85296320
85317764
85319867
85351023
85380480
85383554
85383696
85392414
85393418
85399121
85416665
85426437
85457952
85466058
85469944
85484725
85492715
85612571
85617039
85623804
85624519
85630782
85632533
85634553
85665630
85670310
85689139
85689619
85690453
85695827
85698971
85699075
85719364
85732550
85755914
85818846
85857410
85910990
85912665
85914870
85924408
85928041
85928957
85933508
85937779
85972099
85997081
86005813
86007574
86012077
86012792
86018142
86032977
86034910
86050887
86052392
86069819
86084399
86089487
86107536
86114805
86132822
86144701
86155700
86165785
86183466
86196054
86230468
86231070
86233175
86233756
86237239
86261012
86263198
86282138
86283504
86284711
86291702
86293338
86312182
86315312
86326257
86326804
86356350
86372586
86380329
86407629
86409349
86412942
86432213
86475989
86483214
86488638
86506640
86511925
86512847
86513236
86522027
86537641
86565813
86588361
86589455
86589947
86595871
86596100
86605922
86619575
86634582
86642299
86650731
86659697
86665617
86669300
86687604
86692874
86752868
86754759
86764947
86787878
86795510
86822446
86827154
86830933
86871783
86875329
86880648
86893952
86896616
86899078
86915976
86917672
86921539
86925233
86935458
86938743
86940174
86940256
86945432
86957337
86962653
86965847
86972962
86990515
86993331
86996130
87023923
87033090
87034215
87036803
87045044
87049704
87071894
87072454
87073548
87078347
87088913
87095463
87103604
87108496
87109416
87110463
87114761
87130877
87153593
87165708
87166249
87174085
87179674
87190800
87192338
87194709
87216779
87232185
87240147
87243839
87243843
87246194
87257787
87291627
87296107
87305505
87307503
87316498
87317936
87326104
87326428
87326922
87330493
87330600
87333912
87335575
87343522
87345424
87348301
87353798
87357555
87358725
87366435
87381537
87390464
87397490
87425029
87451648
87458589
87462575
87473163
87481937
87489628
87490309
87498876
87565954
87576659
87580114
87582121
87655831
87665224
87666648
87668112
87675892
87678539
87700592
87713265
87714154
87732000
87768310
87771184
87816034
87821696
87823137
87850129
87852918
87871245
87877705
87881028
87900117
87928154
87930093
87932531
87950379
87953075
87968179
87979483
87981410
87988791
88012964
88017017
88023111
88038917
88075573
88090137
88094350
88098403
88108583
88110980
88114078
88121204
88123146
88123454
88127208
88136251
88136707
88154989
88159604
88168614
88172786
88181080
88183852
88203501
88224089
88224583
88226064
88233955
88235578
88244926
88246699
88256989
88261400
88265557
88272393
88274444
88290385
88292178
88292864
88303189
88331828
88350599
88351555
88354641
88364226
88379537
88380439
88388457
88395173
88398388
88411760
88413447
88420369
88421468
88438101
88438593
88442157
88442691
88503578
88506157
88514931
88519988
88529266
88530297
88535656
88543746
88556820
88559663
88575621
88577065
88589889
88590448
88608681
88608972
88611404
88612103
88620181
88660668
88670751
88709068
88718188
88719355
88726421
88734716
88746841
88761395
88785961
88794725
88802388
88812503
88813627
88822041
88836701
88836796
88844545
88853479
88854750
88855888
88868682
88873060
88873265
88909678
88911626
88912081
88913586
88924259
88938066
88940074
88940164
88943354
88943442
88943774
88946497
88989167
88990358
88999828
89034818
89039492
89046615
89046759
89054769
89081606
89102590
89125937
89131259
89136909
89145099
89148483
89152238
89156629
89160000
89164098
89171791
89176762
89181367
89187968
89190831
89192645
89201076
89208230
89210972
89224784
89243963
89245091
89249012
89253706
89269769
89277375
89277532
89278986
89292039
89295726
89314976
89316218
89317950
89326320
89330236
89337788
89343934
89344337
89352218
89361712
89377086
89379796
89398691
89406811
89413367
89414220
89423740
89425733
89437280
89441368
89451413
89453398
89471892
89472209
89478909
89487717
89488413
89490128
89496627
89499538
89513590
89552370
89577199
89588848
89595237
89606625
89630362
89647571
89652282
89663365
89666170
89678885
89686859
89706736
89713477
89733919
89735907
89743050
89748074
89749620
89749830
89751830
89752951
89777251
89777624
89778215
89794133
89807521
89818605
89832707
89835860
89865688
89868943
89876243
89886591
89899000
89901532
89917721
89942658
89945152
89953553
89956836
89956944
89957200
89969325
89975191
89976481
89992239
90000008
90005191
90008077
90017562
90024795
90028817
90034786
90036102
90049478
90057148
90063341
90064781
90090090
90104288
90129239
90155764
90157488
90164854
90172239
90182469
90185533
90190859
90193093
90197147
90197787
90222644
90235618
90237306
90238665
90239924
90241484
90247832
90248804
90251922
90267783
90267991
90276921
90277849
90280796
90293345
90294438
90305467
90317455
90334047
90335871
90338016
90347857
90348209
90369172
90386831
90390075
90400834
90408422
90412347
90420966
90422817
90427673
90430947
90435079
90436640
90437094
90439043
90447855
90451473
90460355
90461987
90461993
90463207
90474997
90475375
90475473
90477539
90480457
90495517
90510056
90526820
90534279
90539291
90579684
90590701
90595656
90596539
90597202
90597607
90627698
90628157
90629600
90646526
90651294
90661998
90662616
90667326
90670001
90677710
90688671
90692678
90698772
90701090
90728742
90742274
90750865
90755031
90763727
90769144
90771665
90772080
90782865
90789334
90807452
90809996
90818659
90829818
90835243
90845382
90849702
90852190
90853661
90854946
90857000
90869074
90879353
90882513
90891227
90902050
90915378
90917868
90919305
90922017
90930772
90933469
90942005
90945279
90953648
90961431
90976275
90981909
90993173
91000246
91004796
91019161
91021939
91032176
91035507
91039516
91042484
91054490
91055359
91056895
91071815
91076136
91090124
91096573
91106156
91109267
91110754
91120733
91132245
91133124
91146993
91168823
91174799
91180803
91180835
91185941
91201110
91204586
91214464
91228721
91249688
91255536
91262760
91264016
91267754
91268089
91279768
91281165
91283828
91293426
91294711
91297435
91316382
91326232
91351939
91364034
91369810
91386392
91396136
91408117
91413380
91413592
91424942
91446932
91448272
91452051
91473138
91491253
91509581
91526451
91533016
91534923
91539812
91543342
91578107
91578396
91578599
91579195
91580839
91595367
91595507
91608434
91615966
91667347
91674875
91676916
91680867
91682434
91690696
91692203
91701349
91703082
91709056
91711914
91737656
91739197
91766387
91767011
91780215
91780394
91782999
91786210
91795562
91816388
91817583
91831171
91846465
91852257
91854108
91854743
91865768
91873204
91879366
91885669
91904126
91905480
91905666
91911747
91916496
91937002
91942382
91951174
91966426
91978794
91997233
92033337
92037672
92053789
92054469
92056601
92059774
92093417
92102614
92111845
92124051
92127272
92128198
92130264
92132505
92188454
92188591
92188855
92215926
92216497
92222352
92234115
92245045
92250199
92268894
92270379
92275315
92276415
92282174
92287510
92293659
92298045
92299078
92299438
92310374
92339490
92354338
92362284
92389569
92405538
92416762
92417063
92418993
92427741
92453242
92466083
92473158
92489781
92538968
92546101
92548253
92556312
92567334
92578034
92583725
92601775
92643108
92643426
92656633
92658106
92678316
92682733
92686992
92699256
92704715
92706714
92712922
92713152
92716951
92718050
92719108
92722855
92724895
92727342
92729757
92730302
92742742
92744725
92751949
92754566
92764184
92766615
92770640
92776747
92782493
92784581
92788300
92805174
92822044
92833359
92844445
92858014
92891999
92894241
92895180
92898031
92901605
92926866
92952246
92957491
92964605
92971865
92979046
92987014
92987295
92996138
93001310
93003607
93008244
93019675
93020424
93048524
93069861
93071258
93077274
93082352
93091893
93103285
93105666
93122250
93129312
93134101
93136999
93148010
93149040
93155813
93158106
93170582
93195431
93195503
93197664
93200350
93210275
93211545
93213285
93217777
93227609
93231979
93241372
93242940
93247638
93250543
93262795
93267614
93269697
93271158
93279960
93281587
93298730
93301611
93311545
93313846
93316755
93317783
93319865
93320781
93322525
93325922
93330200
93331292
93337560
93339534
93340783
93352808
93355382
93359306
93376558
93378889
93380193
93403499
93429323
93441762
93442514
93443694
93448155
93448558
93450782
93459117
93470943
93490967
93505324
93505494
93516660
93530247
93531116
93549959
93570042
93591548
93594974
93596347
93613910
93618912
93635575
93675316
93678940
93681706
93684428
93689797
93698697
93700828
93706281
93726172
93732702
93749484
93752979
93776365
93792563
93792764
93794284
93799148
93800493
93838697
93863581
93866256
93872964
93873140
93901776
93903458
93910243
93916671
93917076
93917362
93928594
93933817
93935460
93939369
93941971
93942081
93949718
93952122
93956657
93962768
93971978
93977588
93979993
93988001
94003581
94004520
94007674
94026172
94027839
94030091
94043098
94043690
94068248
94077076
94082509
94083417
94088072
94102770
94107500
94108622
94109719
94120931
94147402
94156085
94157258
94159966
94164875
94166144
94167855
94179418
94196048
94200487
94229602
94229906
94231246
94237370
94237405
94259701
94262476
94286566
94289296
94290040
94303007
94306917
94314290
94314678
94320862
94326046
94329190
94337825
94341748
94346953
94351074
94353238
94355168
94359172
94383049
94389297
94390380
94390600
94401747
94406576
94410319
94412187
94451290
94453329
94464877
94472929
94481272
94499224
94505101
94505292
94516000
94518542
94534669
94547076
94551585
94563744
94578424
94584570
94585860
94587757
94591693
94591772
94595689
94595730
94599528
94603503
94604704
94610370
94610603
94623556
94643002
94643814
94644327
94679341
94689952
94690267
94703536
94714114
94719000
94734132
94740725
94741609
94746164
94748298
94749416
94750142
94753259
94755896
94756396
94759343
94761797
94763624
94772024
94773925
94795275
94798024
94798186
94814341
94817502
94824580
94839390
94839462
94842060
94853152
94858072
94861600
94862078
94862304
94869320
94885016
94888985
94890873
94892050
94896515
94922080
94922475
94923922
94924286
94928487
94944574
94948299
94969889
94978471
94986453
94990907
94994868
95001602
95004493
95017935
95031870
95039127
95040142
95041210
95045278
95049815
95061038
95067312
95070494
95089240
95090483
95091079
95106283
95106737
95112102
95136527
95138230
95169617
95172805
95176417
95197843
95205663
95220921
95228237
95248655
95255152
95263197
95263403
95265819
95281931
95288896
95290558
95294285
95296970
95303860
95313820
95314059
95324136
95327529
95332963
95336503
95338625
95339200
95342774
95345719
95348970
95354162
95355264
95356862
95357504
95357896
95381296
95383256
95423156
95431946
95435650
95436030
95436164
95440955
95461605
95466836
95471187
95477471
95481638
95484955
95506191
95507089
95521225
95524621
95561797
95564658
95565191
95568649
95569528
95594197
95598169
95600181
95603967
95607708
95617660
95631307
95656048
95675702
95677850
95683886
95696243
95700141
95706763
95719795
95732494
95735284
95748850
95757926
95764848
95767653
95778246
95789062
95793596
95806581
95809029
95811793
95823688
95825827
95825940
95831600
95851008
95863574
95876774
95879987
95880763
95900378
95911424
95914480
95916696
95927040
95929957
95938420
95948205
95962558
95982218
95994161
95998005
95999072
96015816
96025331
96035641
96036565
96036893
96038432
96039122
96039801
96042826
96043243
96050702
96063585
96066286
96068816
96083028
96096712
96101873
96106362
96118566
96122162
96182791
96189372
96226630
96257670
96262991
96265352
96266657
96285641
96290185
96297553
96306860
96314787
96321052
96338496
96345801
96383314
96383663
96386314
96392577
96410452
96418058
96457938
96470224
96471171
96471808
96475718
96477272
96478587
96481212
96512076
96527678
96547545
96549270
96550218
96566713
96590328
96604457
96613492
96614388
96627999
96639513
96648560
96651884
96676398
96685322
96705689
96716452
96731952
96732638
96773689
96776475
96778492
96789867
96792997
96842422
96846935
96855941
96858692
96862932
96872233
96883856
96884619
96885224
96901617
96904106
96916256
96933425
96943971
96949109
96955022
96970924
96972965
96973689
96976763
96977745
96978035
96991452
96996017
96996710
97001775
97013293
97018775
97018999
97037968
97046019
97047157
97051551
97063869
97064861
97068422
97070194
97071775
97076118
97084451
97086864
97087325
97090315
97175254
97179822
97183213
97190089
97195361
97199755
97235578
97242685
97242791
97303030
97308502
97317220
97332987
97333525
97336718
97337001
97364686
97370986
97423478
97425949
97461222
97474554
97480971
97493518
97527751
97615807
97624039
97701584
97705490
97795164
97929930
97930702
97942947
97978158
97990129
98018943
98021621
98065104
98071844
98074710
98093563
98139734
98150072
98224591
98248772
98266813
98268993
98284764
98318278
98330904
98357978
98371484
98387008
98397362
98490093
98501864
98552808
98558936
98564977
98620767
98625553
98667498
98683552
98697505
98705273
98729373
98801569
98821971
98891820
98904941
98911329
98929172
98948058
98950709
98954081
98987496
99040500
99055657
99057557
99127862
99153994
99220012
99246761
99271133
99309522
99310008
99323755
99372688
99381003
99410948
99413870
99421687
99465112
99486709
99495619
99499805
99500729
99509247
99510949
99559752
99575828
99602299
99649155
99692910
99693231
99703915
99726832
99733747
99755672
99800205
99815163
99905276
99922945
99932955
99986674
99992952
100018738
100020688
100021616
100038263
100041767
100045298
100083590
100090616
100101360
100117857
100124550
100136846
100140243
100142048
100158054
100188497
100213638
100237879
100263362
100326609
100378250
100417573
100474063
100485888
100486896
100564150
100576164
100582930
100597563
100618560
100636462
100645222
100701456
100817977
100826801
100829235
100841803
100917911
100928960
100929237
100931101
100933188
100934847
100937178
100945750
100977472
100979100
100990392
101006887
101053708
101263695
101284044
101288192
101301462
101304375
101305905
101344975
101376215
101391610
101411032
101414401
101478916
101507402
101621470
101627419
101627983
101718083
101718473
101719522
101738402
101771075
101778705
101829294
101882354
101924389
101938225
101948024
101974873
102010979
102017741
102027178
102028867
102063008
102068117
102099079
102144924
102204183
102227855
102243781
102246454
102258190
102265892
102284047
102284462
102310031
102343047
102343052
102352215
102385165
102411039
102419452
102423819
102428635
102464232
102471270
102520019
102523266
102551828
102552606
102554737
102562296
102566420
102682401
102695949
102712028
102742526
102798938
102800749
102807047
102824936
102827964
102898797
102916255
102922447
102935585
102958669
102967682
103000561
103005006
103011058
103011600
103032383
103035376
103062165
103142470
103174078
103198598
103221461
103237477
103252065
103274888
103350344
103373693
103381672
103400317
103411024
103485219
103498148
103505221
103537789
103557663
103574402
103600492
103602186
103658739
103684806
103748335
103773969
103777677
103785337
103841470
103925676
103937110
103937771
103947139
103953282
103958190
103979456
104003332
104027821
104042485
104046497
104066192
104086907
104088300
104102672
104112097
104116082
104126688
104131396
104132988
104138684
104151099
104164716
104172646
104184451
104203558
104228688
104232191
104236312
104237346
104291150
104303131
104312538
104336808
104338596
104391226
104408239
104409280
104444534
104464785
104483826
104529377
104545109
104545592
104555993
104591323
104593236
104600902
104619741
104625669
104630898
104645702
104660020
104665661
104672501
104699028
104739733
104748225
104758825
104766972
104773431
104814119
104823103
104845304
104847865
104862749
104895221
104904791
104917469
104925702
104929284
104939118
104968496
104978334
104996242
105005297
105018739
105031888
105095161
105114233
105119326
105146320
105147102
105153123
105182952
105189665
105201469
105214287
105219294
105231248
105250080
105263180
105281590
105284880
105290756
105325610
105330253
105345862
105383537
105394274
105409034
105429183
105440787
105448036
105453159
105472900
105524765
105528721
105561488
105593215
105609694
105625871
105627215
105640254
105645745
105659187
105690190
105692501
105733680
105741958
105746019
105746944
105748155
105795078
105797326
105818208
105834559
105835775
105838611
105850197
105853793
105879252
105881227
105884231
105920590
105945506
105945985
105946232
105959690
105978905
106031478
106042187
106067439
106074128
106091477
106109523
106109673
106118967
106121138
106136331
106154722
106171395
106190708
106219235
106235334
106237301
106267807
106277566
106332358
106340745
106362836
106374501
106435153
106457965
106467839
106470044
106481162
106492067
106496150
106508870
106509446
106511083
106517747
106522770
106562277
106566598
106577106
106588541
106606111
106634527
106696944
106704098
106715667
106727452
106737668
106793032
106816210
106883994
106892103
106893212
106905149
106909106
106937411
106942629
106945900
106955863
106962299
106975884
106977741
106986284
107020156
107028394
107084431
107097585
107100184
107102548
107127916
107150431
107150803
107157637
107179776
107214821
107221860
107226949
107238250
107276781
107281415
107299600
107301273
107341811
107372046
107412649
107444859
107501498
107516735
107532864
107537490
107539734
107554986
107573310
107577349
107610867
107629708
107641215
107653994
107654138
107686478
107698203
107707455
107741051
107743292
107750630
107762010
107764640
107774727
107791691
107805281
107854141
107908224
107931617
107943703
107968177
107968410
107970384
108008283
108016996
108020084
108037560
108074135
108076646
108082068
108096074
108126882
108133536
108141323
108166168
108171786
108182698
108190614
108207051
108212471
108218214
108244187
108258721
108267677
108335211
108362533
108362538
108372523
108378056
108403301
108411071
108413440
108417649
108426292
108440528
108452738
108459320
108491167
108501057
108507992
108514663
108548225
108558924
108570682
108625010
108626592
108633124
108633279
108635670
108656584
108660873
108663939
108664680
108672705
108676195
108689734
108708033
108721760
108773525
108777464
108780316
108803133
108806542
108816554
108819018
108821040
108852173
108857121
108861000
108868478
108879915
108897593
108945287
108958120
108962721
108963146
108971249
108979249
109002929
109041362
109041968
109050674
109054383
109073060
109115531
109124442
109124708
109138917
109162755
109185557
109273874
109274356
109279547
109281700
109285167
109304383
109314619
109318709
109357972
109375478
109404607
109411209
109415868
109432148
109432828
109439644
109447394
109474738
109475706
109476635
109477268
109507079
109508844
109513812
109514882
109521711
109540067
109558636
109572516
109600701
109633102
109637861
109670049
109678194
109679428
109684735
109686671
109730342
109754659
109780665
109787420
109794208
109795047
109796810
109801494
109836278
109838358
109850015
109855055
109877068
109890133
109916698
109919512
109947627
109957894
109978039
109984653
110015314
110027124
110038200
110066355
110094424
110148863
110158754
110194902
110195652
110200242
110223538
110227780
110233055
110233248
110264740
110281366
110281988
110335946
110337885
110340739
110395624
110416299
110449191
110453667
110473393
110475489
110479533
110480253
110500920
110534288
110534770
110535166
110535854
110537950
110545336
110568344
110570470
110594994
110607651
110610038
110613015
110635552
110638716
110649015
110653463
110673306
110681124
110682623
110690127
110692295
110692530
110695801
110701210
110705712
110711884
110730247
110732600
110737713
110748436
110754617
110754744
110757494
110766317
110767504
110768292
110769048
110769422
110769678
110769842
110772842
110772949
110773161
110773554
110774001
110774310
110774330
110789995
110790559
110791301
110791899
110795044
110812956
110815379
110816181
110834973
110840681
110843215
110854157
110870173
110881425
110913375
110916288
110924002
110928098
110928977
110930973
110948171
110959028
110965084
110971137
110978304
110979114
110980754
110991117
110994768
111037638
111050402
111072631
111107882
111112593
111143779
111157366
111158134
111166788
111193316
111200553
111205474
111209234
111230291
111249494
111264308
111266375
111274214
111284257
111286661
111296399
111301082
111301273
111322018
111336924
111350577
111351512
111363832
111368620
111372142
111372395
111378373
111451617
111468580
111485302
111518295
111537810
111550678
111558838
111596039
111596851
111598795
111615757
111626216
111644482
111653811
111668040
111678467
111685536
111710277
111727985
111728814
111731617
111751101
111751824
111789761
111797205
111799025
111801803
111802739
111804471
111849025
111859524
111862459
111864313
111876753
111880610
111882388
111936791
111961612
112007747
112007768
112023345
112023775
112046512
112095571
112102035
112133114
112149591
112201493
112204024
112209834
112210637
112223002
112231282
112238362
112242564
112248586
112292073
112298454
112309508
112313819
112351854
112369288
112371654
112399171
112412828
112413278
112425452
112452610
112468252
112469841
112491891
112515547
112517666
112525002
112544644
112550547
112555152
112555436
112570522
112577211
112586799
112614077
112622161
112625737
112690401
112724820
112740597
112770258
112775588
112777891
112779195
112780557
112790788
112795906
112799855
112831837
112837353
112871686
112921547
112934393
112949339
112976547
112998648
113002494
113012789
113018329
113021151
113027604
113030341
113036509
113037530
113042054
113045735
113049620
113061646
113070213
113095361
113126362
113131124
113138871
113138918
113139862
113152514
113155871
113181394
113219471
113220284
113246618
113246934
113249065
113250510
113256247
113256761
113258273
113264016
113276502
113276574
113281532
113315002
113322063
113330399
113336301
113359070
113359307
113364415
113395417
113409074
113443235
113464561
113466734
113469685
113472000
113484363
113489188
113495588
113511091
113520995
113539662
113541536
113542306
113544846
113546457
113546590
113550212
113554991
113589866
113599729
113609520
113620104
113624438
113631362
113640917
113648094
113653882
113659663
113670236
113685088
113689323
113697434
113710624
113716462
113717011
113719961
113723435
113750365
113775365
113780375
113782971
113791480
113808543
113824520
113833738
113877888
113886832
113888121
113929370
113955848
113959291
113981303
113985283
114006382
114018444
114042190
114083469
114116677
114124504
114126221
114129278
114153900
114183801
114188879
114207709
114222375
114231424
114245272
114264278
114272888
114277968
114281093
114283297
114291598
114298211
114304198
114321891
114323163
114340057
114356712
114368015
114378573
114382151
114396049
114414196
114422869
114454244
114497031
114502922
114503151
114505601
114510471
114516392
114516754
114530859
114542266
114554827
114583423
114585809
114598466
114607314
114607963
114642054
114678316
114679434
114702198
114703942
114732499
114737779
114739579
114755656
114755890
114763530
114784521
114800930
114814206
114820656
114830466
114830655
114831718
114838004
114848264
114849191
114854864
114857275
114857403
114866844
114867361
114904363
114933189
114939917
114971202
114980568
114989264
114990369
114993707
114996529
114998521
114998808
114999625
115038671
115047336
115077305
115077554
115089412
115095108
115107746
115116517
115129319
115151904
115169829
115198181
115205156
115230156
115238970
115241031
115254548
115259677
115276176
115276878
115277352
115282452
115308697
115312627
115313314
115351997
115367850
115370944
115380769
115384590
115387568
115408715
115422562
115436376
115453262
115479370
115491621
115528545
115532571
115581942
115585275
115585522
115588575
115598076
115600926
115622471
115637770
115638466
115650566
115676498
115680173
115685638
115705826
115751305
115816044
115831839
115860579
115867730
115881242
115885877
115924709
115943800
115950637
115973483
116019507
116053545
116089123
116111281
116124917
116138739
116142444
116147135
116174063
116218631
116237352
116243793
116255527
116284087
116285835
116286273
116288779
116306886
116352656
116401475
116415188
116420205
116424615
116507747
116520101
116579233
116586882
116591597
116618790
116620354
116640243
116644756
116688571
116730903
116734921
116735521
116746518
116765535
116770231
116801757
116820901
116837965
116847974
116849922
116870548
116886288
116909779
116935154
116975526
117003630
117007968
117023529
117025461
117035119
117038385
117061407
117094824
117098295
117132459
117171216
117177172
117234211
117255796
117265082
117268683
117346936
117389317
117428580
117477030
117499494
117525559
117540342
117550673
117563662
117642866
117672252
117680692
117692491
117692518
117707004
117710857
117739707
117760279
117805658
117862884
117874628
117907680
117926157
117989875
118026710
118044718
118053072
118078448
118125226
118131965
118157872
118184491
118185119
118213678
118219234
118237253
118242034
118249328
118267638
118285268
118366680
118368438
118369586
118415475
118418077
118433875
118509879
118513377
118515795
118516676
118518308
118533277
118562989
118586506
118613010
118664383
118673174
118685630
118706098
118707719
118737324
118844984
118875131
118881262
118931226
118955088
118967055
118995602
118997500
119036426
119049500
119057545
119058795
119067459
119098096
119124920
119133802
119137644
119188459
119189079
119189795
119203367
119225892
119226697
119245551
119259720
119312742
119339739
119367340
119395314
119468842
119472045
119536495
119544028
119550490
119592140
119592250
119592379
119620423
119632278
119653522
119663227
119678334
119689048
119689515
119694167
119736645
119744798
119759446
119762992
119782804
119819940
119827144
119829177
119848494
119862542
119871101
119946157
119999975
120012581
120026135
120035482
120060187
120071252
120242200
120255728
120278613
120289520
120304252
120312886
120313852
120334898
120403795
120416900
120443687
120474868
120490541
120520204
120549450
120552432
120561319
120583113
120609797
120617540
120627056
120640014
120715679
120767841
120812826
120866069
120892979
120893454
120912411
120929199
120957525
121014526
121015695
121067576
121087325
121125922
121184864
121243106
121251305
121257148
121266410
121267216
121277958
121339417
121345058
121387678
121395658
121443336
121527725
121537017
121545064
121553777
121555603
121563755
121565534
121583598
121607269
121682499
121684299
121686782
121690176
121702076
121705560
121727506
121728151
121739994
121797938
121836008
121864716
121865504
121942086
122008164
122060729
122085502
122104481
122121203
122136441
122299385
122366324
122371509
122379218
122389640
122478010
122479302
122489524
122524835
122563654
122585439
122611083
122620241
122636906
122683404
122696570
122700009
122736655
122762323
122797497
122863779
122872017
122925699
122934061
122941596
122954932
122968809
122979017
122993691
122994743
122995517
123009297
123058036
123066284
123093559
123098463
123102148
123111660
123141568
123159302
123180998
123186264
123225574
123247520
123247837
123268699
123315333
123344470
123356141
123372348
123383299
123386255
123388403
123392717
123395749
123446731
123452899
123501215
123509124
123529066
123559363
123576520
123605645
123615714
123617195
123618823
123709270
123726816
123730441
123778793
123782774
123804260
123819159
123853954
123859287
123893384
123902767
123911049
123911878
123912413
123926083
123936861
123950568
123964123
123977858
123987283
124018530
124028429
124037637
124039486
124057139
124069819
124079794
124082325
124095408
124135571
124136398
124148727
124166764
124176217
124183796
124217193
124228883
124249691
124276771
124293350
124324220
124359022
124396116
124447504
124451801
124456072
124483358
124505820
124527166
124540124
124585003
124585006
124585008
124585009
124585011
124585014
124585029
124585040
124585058
124585403
124586081
124587756
124595512
124596045
124597322
124628749
124654152
124729328
124754948
124785316
124795152
124801397
124815612
124818001
124820378
124820605
124821168
124843179
124851541
124895171
124931561
124974911
125025200
125034264
125040851
125051999
125059917
125075242
125091647
125132045
125198275
125229681
125254080
125266618
125297134
125317359
125321427
125352432
125354390
125383562
125387083
125395485
125427966
125486820
125493611
125499664
125502850
125504051
125522591
125548376
125561948
125570586
125574247
125617849
125621439
125623751
125650096
125658310
125713603
125714213
125746520
125762551
125771235
125788781
125801346
125825517
125881154
125989605
125997972
126014901
126016165
126020869
126049929
126096185
126185639
126211108
126213470
126242564
126258059
126277777
126294773
126330532
126335595
126343252
126368539
126368623
126376108
126381781
126401489
126402724
126429443
126434092
126489445
126490894
126490953
126504520
126509718
126512409
126529334
126546978
126553356
126557029
126562099
126571887
126589801
126657080
126698239
126699734
126702304
126710580
126740367
126756339
126762295
126766635
126770667
126784775
126786357
126789058
126813214
126816216
126923532
126936394
126958109
126958331
126963518
126966462
126977935
126978340
126978758
126978762
126979171
126981147
127023313
127035731
127078077
127092681
127117143
127132965
127144323
127148097
127169493
127215324
127215589
127252162
127305966
127312279
127314149
127320494
127331550
127336234
127390904
127394906
127395809
127436719
127441910
127464196
127464208
127508919
127517484
127536747
127568556
127572909
127575316
127575650
127590202
127602122
127603857
127608168
127617884
127618619
127623815
127624647
127661518
127707773
127767145
127776418
127778104
127782356
127795261
127803984
127829888
127838029
127851616
127862601
127865552
127868119
127883110
127888225
127900293
127947821
127950287
127965838
127975974
127997391
128007088
128023638
128078478
128093374
128096546
128149473
128150039
128168373
128182358
128220607
128235819
128236384
128272104
128295862
128322818
128334674
128385946
128387761
128423728
128446426
128497587
128497590
128531884
128549587
128647654
128665322
128686302
128692093
128719659
128765333
128804859
128838975
128875664
128877674
128884682
128938821
129035397
129051947
129076716
129112199
129125991
129140431
129147497
129158014
129168190
129193413
129198653
129235528
129247534
129324856
129332659
129343574
129374819
129420973
129428915
129434648
129447575
129494748
129525903
129532394
129535038
129550139
129561693
129573719
129607846
129618183
129641436
129697540
129709739
129808953
129826121
129829761
129919779
129933803
129940457
129941479
129954367
130046620
130073924
130096642
130119849
130149650
130183035
130195911
130265275
130277185
130288302
130327668
130336920
130372356
130376602
130382164
130426740
130427166
130440595
130447758
130464801
130470828
130508187
130512524
130530948
130547148
130551175
130554006
130601501
130689393
130705791
130732934
130733081
130783561
130818177
130823313
130845188
130891319
131000010
131003840
131012151
131048507
131051053
131091804
131124683
131182120
131210884
131234489
131238570
131242444
131247706
131275207
131282734
131383124
131409391
131422225
131426183
131441647
131455584
131475001
131497860
131516725
131599104
131645354
131654854
131712402
131723594
131776830
131793727
131943181
131961665
131968866
131985065
132079107
132082356
132088589
132148168
132226370
132237241
132238970
132315360
132322947
132391220
132441973
132527895
132551705
132698020
132734280
132748427
132898839
132904827
132941337
132957945
132974006
133038969
133088591
133175713
133224341
133249896
133255403
133286223
133286402
133299407
133323359
133418226
133423642
133462821
133471757
133477648
133485005
133489881
133512065
133586226
133652745
133782168
133799984
133807232
133880546
133992634
134010236
134027693
134048137
134165300
134171086
134176310
134210703
134325077
134364485
134430850
134499333
134541844
134544971
134583383
134583401
134644009
134645078
134649363
134655608
134658961
134706931
134727211
134728155
134844561
134933219
134942736
134968518
135005345
135037421
135125451
135166699
135202144
135205138
135329107
135490287
135573480
135581000
135700808
135904756
135989737
136107488
136107498
136107502
136107508
136107568
136111137
136131790
136134142
136166417
136184064
136425572
136457322
136464325
136610941
136796102
136981369
137079284
137363768
137369971
