97536552
97543536
97692058
97793375
97812307
97906220
97783607
97882006
98079761
97835571
98147815
97683923
98170000
98275850
98313836
98439428
98489186
98222333
98695499
98457659
98322118
98163412
97934791
98780627
99025959
99203456
99197403
98502425
99335322
99357048
99516517
98742191
98228276
99855394
99732035
99480096
99374578
97817395
98081234
97962826
98982091
98173196
98611098
100032992
98741640
99170473
99978783
98790724
99927952
100093312
99944490
100979172
100782112
98707083
100571044
99119406
100278416
100698142
99740072
98021806
101087105
101298431
99443178
100647499
100486532
101533327
97713011
97910718
100890827
101899067
100421461
101654635
101638321
102010719
101647486
101116471
100424840
100235949
101340172
100031342
100041614
101619476
98866732
100634702
97660104
98864831
101926022
98447706
101868760
102571230
102609760
102278709
99127186
100483402
102515825
102546298
102814497
102837084
102712977
98052971
100158240
102769623
100924127
103065307
97735944
98545452
97889000
103144990
103430142
103367139
103647687
98716888
103736188
99769743
100117548
99076862
97952497
102250755
103570961
101147884
104042182
103998262
98745817
101192123
97787386
104328176
104087362
104187415
104432918
104399662
104416362
103346085
97808752
99093996
104581795
98055641
99187118
104740620
104957364
98335060
103783069
105022862
105083825
104972587
105098696
102477234
104864302
105482895
99963072
99517459
100883281
105574174
105608796
105608980
104838200
100766265
106023127
106106338
105955600
106248320
106432861
106226014
104153719
106496293
106380074
106734219
106553434
106866157
106270622
104759938
99791178
106983029
105980262
105154148
98007034
104516982
99712375
99589753
105382136
100058118
106812418
104100767
107847446
107511198
107985486
107786823
108163433
106020627
107865975
108248280
108103482
108324571
108339930
108147165
108734640
108557635
108163319
108285526
108748094
108434906
108684447
108760942
108531198
104031134
99195742
101919663
107052022
101849334
99022488
102557379
107732760
101971358
108873747
98721246
106767751
104720747
97885852
104049200
102805772
100244772
107733650
103579800
98997192
108963739
107420706
99308462
106427169
98094285
108575698
101068757
98634896
106342854
108781668
100901706
109023941
107559914
108885563
102136783
108822785
109250631
107488895
105724358
109127442
106185386
107346796
98989531
108806542
109365157
109432948
108189800
100160642
100943310
109496325
109469265
105192015
107418375
109580814
109637164
109589714
109240199
109683406
109748007
109714625
109786377
109851469
109908097
109554573
109930878
109265529
109818146
109991882
99637064
104007123
109959063
109723901
109975284
99432013
110099292
110026775
109846069
107185244
110102065
110304227
110255190
110172318
109819376
110360378
98229070
110290111
110387692
110474797
102431668
109715319
110512282
110546944
109426451
105549257
110385355
110418122
110625662
98617210
110841298
110899622
110816814
110530731
105567157
110929199
110649372
110796574
110357966
110677454
110239220
110961190
110828388
110824940
111066266
97520070
110642358
98291349
111117814
110978139
110530016
110751932
111224610
111230288
111276444
109425965
111345732
111430471
105299008
111403347
111113059
111321868
111418393
111243293
98079787
111514594
111626765
111631530
111557403
111564081
111629200
111832337
111589612
110904791
111926247
112038185
112050762
111690762
112017125
112132443
112146540
111386868
110720876
107190357
111301421
112105436
103989914
112161573
112314425
112326019
112355225
112344749
112457569
112426437
111048577
112430110
112603907
111801646
99683306
112325232
112553342
112691088
112622988
110576455
111456254
112722337
112739196
105759997
111261657
110608761
112787209
112653777
112701245
104813439
112802181
112815306
112802285
112456555
112492425
112346959
112135509
113004564
111822502
111756005
111624505
113256161
112076781
113102037
112349123
113699954
113572545
106089726
113362468
113697035
113710225
113439463
111185863
112972263
113507295
113818676
113553729
112585302
113045669
113953500
113991489
107245123
112594688
113736182
114036993
110274321
113438453
113922391
99608524
112721660
107846011
114168015
113354836
114080999
113773717
113580869
114172291
114130736
112398159
112737694
107034871
114287932
114329313
108338683
111486844
114340614
102832287
111083161
114429139
114530802
113933353
99530630
114626340
114503746
113869919
114662399
114621728
114232868
114696545
113198128
108492038
97924911
99131171
114333632
114882928
115017362
114926645
110935745
114944227
114841845
114537992
114635655
115084216
112482571
115025465
115426962
111427369
115291109
108865238
115100194
110994060
115531100
115582977
114979717
115459232
115678378
115758748
115248055
114652585
114386909
102547564
107931293
113050373
111490461
113810641
115297907
109484605
115368094
115506791
115881666
115657523
115308040
115339791
114697399
115945148
115961356
116026249
96676213
115627775
116120637
116212660
112481151
114502561
115180532
115629363
116270952
115180350
115961613
115794391
98518437
109797826
115915619
110656438
116330412
116184064
115859487
116459233
114847662
116589560
116680025
116407082
109824742
99271283
112960310
103663450
113078780
116880073
117297448
113716361
114677592
116728888
111315801
117200253
117065689
116566158
115659458
115676379
115187017
117638013
117583289
113172815
115836217
116986933
109151314
117377683
113047770
116701141
112667747
99166983
118247332
116921752
115102215
117081000
118214753
115104977
119414594
99412116
119676812
114308040
118768834
119731044
119061024
115716066
117048955
119638144
120515614
112725679
117168284
118587759
114362678
116389659
120370919
120317164
118139675
115933758
120888523
116451379
119123427
117301199
120042776
117632770
113035666
121049528
106522957
121410921
106492592
121485500
114216599
100137629
121469308
119022899
121492007
100198435
121490277
121475954
109333583
121453628
120967593
122446323
122327226
117516392
117743544
121951460
118850230
118946505
121561092
121715910
115251175
121432773
118798387
122287167
121499787
111579504
123032721
121165757
115233070
122391065
123314320
123286159
121403423
121985943
116289452
123275049
115691111
116676703
123419613
116626761
123472106
115487327
123972983
124115690
116607844
113430178
107841263
106440422
117575257
116010691
124197686
123991252
124218371
124595188
124159361
117245070
122370463
123922440
122711437
124275094
124072279
124455962
124286394
119733044
115455352
124313257
124205224
119326154
104276428
109782548
123058864
123808057
114253654
123063657
114608755
115678240
117567332
118023966
97806758
107973517
121501168
98316946
118284752
116493063
120687236
105554467
122326569
115245011
118940902
118690500
117709243
125237069
114371880
125070012
124819317
121817525
125385088
125365201
125681724
125032366
125163063
120738873
124748068
116532794
125698552
125774708
113790975
125806378
125819731
125777227
125385099
126248178
114438366
124991497
125725323
109188084
113269555
125030038
126360881
125521311
123690899
117833546
118549005
125789117
126447025
125430986
125857597
126637838
123896927
120722125
126815900
124249565
126622903
126498710
126212984
127075536
126959352
126978656
126461421
127290819
112834935
119061612
126917269
127139687
126964597
117448240
127303297
127611040
126818141
117247616
127721300
127615297
127719354
127729537
127283817
120644438
128293871
127555179
113958105
125152046
126945191
128512953
127728736
127488759
117028121
123696966
128805879
129086943
128772143
128886477
128291901
129057726
129534730
129434644
128262931
128090910
115102359
127865600
114670603
128521169
128641802
129347111
129824112
130172793
125536123
120213958
130436879
129031418
114243727
124820202
122665775
124265112
129614197
125586132
104397950
129446538
130879797
130890340
130885592
130890268
130889533
130039921
130554388
131359374
127729413
129426868
130879706
130883784
130906640
130987641
131464410
109950617
130887287
131787014
130618759
125686468
126316603
125260434
131709710
119472250
131044852
130849013
130531789
131348334
132006956
132519192
131963188